intersection_px=35122
union_px=36141
observed_px=35708
predicted_px=35555
iou=0.971805
precision=0.987822
recall=0.983589
f1=0.985701
