intersection_px=26449
union_px=30200
observed_px=27985
predicted_px=28664
iou=0.875795
precision=0.922725
recall=0.945113
f1=0.933785
