intersection_px=26397
union_px=29843
observed_px=27985
predicted_px=28255
iou=0.884529
precision=0.934242
recall=0.943255
f1=0.938727
